window_lps12/window_
 47  0  0  0  0  0
BAND_SELECTION
  1 47
  0  0
  0  0
  0  0
  0  0
  0  0
1 1.0 0.026
0 0 0
0 #iliketype
TT
    1    1.786172E+03   5.951525E+01   5.951525E+01   1.000000E+06    650    699
    2    1.939298E+03   6.685325E+01   6.685325E+01   1.000000E+06    700    749
    3    2.426356E+03   6.724793E+01   6.724793E+01   1.000000E+06    750    799
    4    2.577068E+03   6.830775E+01   6.830775E+01   1.000000E+06    800    849
    5    2.162306E+03   5.382037E+01   5.382037E+01   1.000000E+06    850    899
    6    1.588803E+03   3.903856E+01   3.903856E+01   1.000000E+06    900    949
    7    1.144298E+03   2.963333E+01   2.963333E+01   1.000000E+06    950    999
    8    1.067991E+03   2.716739E+01   2.716739E+01   1.000000E+06   1000   1049
    9    1.215739E+03   2.850331E+01   2.850331E+01   1.000000E+06   1050   1099
   10    1.193834E+03   2.906297E+01   2.906297E+01   1.000000E+06   1100   1149
   11    1.141060E+03   2.976236E+01   2.976236E+01   1.000000E+06   1150   1199
   12    9.247548E+02   2.305154E+01   2.305154E+01   1.000000E+06   1200   1249
   13    7.716657E+02   1.788833E+01   1.788833E+01   1.000000E+06   1250   1299
   14    7.230958E+02   1.768979E+01   1.768979E+01   1.000000E+06   1300   1349
   15    7.545911E+02   1.659046E+01   1.659046E+01   1.000000E+06   1350   1399
   16    8.473374E+02   1.703286E+01   1.703286E+01   1.000000E+06   1400   1449
   17    7.186537E+02   1.380930E+01   1.380930E+01   1.000000E+06   1450   1499
   18    6.249940E+02   1.132817E+01   1.132817E+01   1.000000E+06   1500   1549
   19    4.681143E+02   1.015484E+01   1.015484E+01   1.000000E+06   1550   1599
   20    3.956607E+02   7.852564E+00   7.852564E+00   1.000000E+06   1600   1649
   21    3.907175E+02   7.041241E+00   7.041241E+00   1.000000E+06   1650   1699
   22    3.966314E+02   6.895153E+00   6.895153E+00   1.000000E+06   1700   1749
   23    3.907311E+02   6.890591E+00   6.890591E+00   1.000000E+06   1750   1799
   24    3.367404E+02   6.160818E+00   6.160818E+00   1.000000E+06   1800   1849
   25    2.760995E+02   5.203863E+00   5.203863E+00   1.000000E+06   1850   1899
   26    2.382256E+02   4.461539E+00   4.461539E+00   1.000000E+06   1900   1949
   27    2.427527E+02   4.643016E+00   4.643016E+00   1.000000E+06   1950   1999
   28    2.457786E+02   4.854610E+00   4.854610E+00   1.000000E+06   2000   2049
   29    2.299462E+02   4.467238E+00   4.467238E+00   1.000000E+06   2050   2099
   30    1.941700E+02   3.835840E+00   3.835840E+00   1.000000E+06   2100   2149
   31    1.705598E+02   3.362050E+00   3.362050E+00   1.000000E+06   2150   2199
   32    1.405483E+02   2.785863E+00   2.785863E+00   1.000000E+06   2200   2249
   33    1.349960E+02   2.638511E+00   2.638511E+00   1.000000E+06   2250   2299
   34    1.282514E+02   2.447425E+00   2.447425E+00   1.000000E+06   2300   2349
   35    1.247996E+02   2.687040E+00   2.687040E+00   1.000000E+06   2350   2399
   36    1.158370E+02   2.226415E+00   2.226415E+00   1.000000E+06   2400   2449
   37    1.007054E+02   2.214443E+00   2.214443E+00   1.000000E+06   2450   2499
   38    9.670258E+01   2.270550E+00   2.270550E+00   1.000000E+06   2500   2549
   39    8.325798E+01   1.988803E+00   1.988803E+00   1.000000E+06   2550   2599
   40    8.570896E+01   1.795650E+00   1.795650E+00   1.000000E+06   2600   2649
   41    8.386685E+01   1.861084E+00   1.861084E+00   1.000000E+06   2650   2699
   42    7.635455E+01   1.821204E+00   1.821204E+00   1.000000E+06   2700   2749
   43    7.165427E+01   1.810876E+00   1.810876E+00   1.000000E+06   2750   2799
   44    6.290060E+01   1.730154E+00   1.730154E+00   1.000000E+06   2800   2849
   45    5.761911E+01   1.620370E+00   1.620370E+00   1.000000E+06   2850   2899
   46    5.763070E+01   1.578650E+00   1.578650E+00   1.000000E+06   2900   2949
   47    5.662964E+01   1.610927E+00   1.610927E+00   1.000000E+06   2950   2999
     3.542060000e+03    -5.714000000e+02     1.458280000e+02    -2.433950000e+01     1.511480000e+01     3.299510000e+01     0.000000000e+00     0.000000000e+00     0.000000000e+00     0.000000000e+00     0.000000000e+00     0.000000000e+00     0.000000000e+00     0.000000000e+00     0.000000000e+00     0.000000000e+00     0.000000000e+00     0.000000000e+00     0.000000000e+00     0.000000000e+00     0.000000000e+00     0.000000000e+00     0.000000000e+00     0.000000000e+00     0.000000000e+00     0.000000000e+00     0.000000000e+00     0.000000000e+00     0.000000000e+00     0.000000000e+00     0.000000000e+00     0.000000000e+00     0.000000000e+00     0.000000000e+00     0.000000000e+00     0.000000000e+00     0.000000000e+00     0.000000000e+00     0.000000000e+00     0.000000000e+00     0.000000000e+00     0.000000000e+00     0.000000000e+00     0.000000000e+00     0.000000000e+00     0.000000000e+00     0.000000000e+00
    -5.714000000e+02     4.469360000e+03    -6.456410000e+02     1.663900000e+02    -2.154180000e+01     1.231530000e+01     2.813390000e+01     0.000000000e+00     0.000000000e+00     0.000000000e+00     0.000000000e+00     0.000000000e+00     0.000000000e+00     0.000000000e+00     0.000000000e+00     0.000000000e+00     0.000000000e+00     0.000000000e+00     0.000000000e+00     0.000000000e+00     0.000000000e+00     0.000000000e+00     0.000000000e+00     0.000000000e+00     0.000000000e+00     0.000000000e+00     0.000000000e+00     0.000000000e+00     0.000000000e+00     0.000000000e+00     0.000000000e+00     0.000000000e+00     0.000000000e+00     0.000000000e+00     0.000000000e+00     0.000000000e+00     0.000000000e+00     0.000000000e+00     0.000000000e+00     0.000000000e+00     0.000000000e+00     0.000000000e+00     0.000000000e+00     0.000000000e+00     0.000000000e+00     0.000000000e+00     0.000000000e+00
     1.458280000e+02    -6.456410000e+02     4.522290000e+03    -6.596880000e+02     1.318740000e+02    -1.571760000e+01     9.403450000e+00     2.594500000e+01     0.000000000e+00     0.000000000e+00     0.000000000e+00     0.000000000e+00     0.000000000e+00     0.000000000e+00     0.000000000e+00     0.000000000e+00     0.000000000e+00     0.000000000e+00     0.000000000e+00     0.000000000e+00     0.000000000e+00     0.000000000e+00     0.000000000e+00     0.000000000e+00     0.000000000e+00     0.000000000e+00     0.000000000e+00     0.000000000e+00     0.000000000e+00     0.000000000e+00     0.000000000e+00     0.000000000e+00     0.000000000e+00     0.000000000e+00     0.000000000e+00     0.000000000e+00     0.000000000e+00     0.000000000e+00     0.000000000e+00     0.000000000e+00     0.000000000e+00     0.000000000e+00     0.000000000e+00     0.000000000e+00     0.000000000e+00     0.000000000e+00     0.000000000e+00
    -2.433950000e+01     1.663900000e+02    -6.596880000e+02     4.665950000e+03    -5.279660000e+02     9.716250000e+01    -1.211890000e+01     8.756810000e+00     2.764980000e+01     0.000000000e+00     0.000000000e+00     0.000000000e+00     0.000000000e+00     0.000000000e+00     0.000000000e+00     0.000000000e+00     0.000000000e+00     0.000000000e+00     0.000000000e+00     0.000000000e+00     0.000000000e+00     0.000000000e+00     0.000000000e+00     0.000000000e+00     0.000000000e+00     0.000000000e+00     0.000000000e+00     0.000000000e+00     0.000000000e+00     0.000000000e+00     0.000000000e+00     0.000000000e+00     0.000000000e+00     0.000000000e+00     0.000000000e+00     0.000000000e+00     0.000000000e+00     0.000000000e+00     0.000000000e+00     0.000000000e+00     0.000000000e+00     0.000000000e+00     0.000000000e+00     0.000000000e+00     0.000000000e+00     0.000000000e+00     0.000000000e+00
     1.511480000e+01    -2.154180000e+01     1.318740000e+02    -5.279660000e+02     2.896630000e+03    -3.017380000e+02     5.811150000e+01    -8.754030000e+00     7.238860000e+00     2.221330000e+01     0.000000000e+00     0.000000000e+00     0.000000000e+00     0.000000000e+00     0.000000000e+00     0.000000000e+00     0.000000000e+00     0.000000000e+00     0.000000000e+00     0.000000000e+00     0.000000000e+00     0.000000000e+00     0.000000000e+00     0.000000000e+00     0.000000000e+00     0.000000000e+00     0.000000000e+00     0.000000000e+00     0.000000000e+00     0.000000000e+00     0.000000000e+00     0.000000000e+00     0.000000000e+00     0.000000000e+00     0.000000000e+00     0.000000000e+00     0.000000000e+00     0.000000000e+00     0.000000000e+00     0.000000000e+00     0.000000000e+00     0.000000000e+00     0.000000000e+00     0.000000000e+00     0.000000000e+00     0.000000000e+00     0.000000000e+00
     3.299510000e+01     1.231530000e+01    -1.571760000e+01     9.716250000e+01    -3.017380000e+02     1.524010000e+03    -1.661360000e+02     3.864350000e+01    -6.661970000e+00     5.353790000e+00     1.650020000e+01     0.000000000e+00     0.000000000e+00     0.000000000e+00     0.000000000e+00     0.000000000e+00     0.000000000e+00     0.000000000e+00     0.000000000e+00     0.000000000e+00     0.000000000e+00     0.000000000e+00     0.000000000e+00     0.000000000e+00     0.000000000e+00     0.000000000e+00     0.000000000e+00     0.000000000e+00     0.000000000e+00     0.000000000e+00     0.000000000e+00     0.000000000e+00     0.000000000e+00     0.000000000e+00     0.000000000e+00     0.000000000e+00     0.000000000e+00     0.000000000e+00     0.000000000e+00     0.000000000e+00     0.000000000e+00     0.000000000e+00     0.000000000e+00     0.000000000e+00     0.000000000e+00     0.000000000e+00     0.000000000e+00
     0.000000000e+00     2.813390000e+01     9.403450000e+00    -1.211890000e+01     5.811150000e+01    -1.661360000e+02     8.781340000e+02    -1.156160000e+02     3.077590000e+01    -5.156250000e+00     4.161750000e+00     9.700800000e+00     0.000000000e+00     0.000000000e+00     0.000000000e+00     0.000000000e+00     0.000000000e+00     0.000000000e+00     0.000000000e+00     0.000000000e+00     0.000000000e+00     0.000000000e+00     0.000000000e+00     0.000000000e+00     0.000000000e+00     0.000000000e+00     0.000000000e+00     0.000000000e+00     0.000000000e+00     0.000000000e+00     0.000000000e+00     0.000000000e+00     0.000000000e+00     0.000000000e+00     0.000000000e+00     0.000000000e+00     0.000000000e+00     0.000000000e+00     0.000000000e+00     0.000000000e+00     0.000000000e+00     0.000000000e+00     0.000000000e+00     0.000000000e+00     0.000000000e+00     0.000000000e+00     0.000000000e+00
     0.000000000e+00     0.000000000e+00     2.594500000e+01     8.756810000e+00    -8.754030000e+00     3.864350000e+01    -1.156160000e+02     7.380670000e+02    -1.112070000e+02     2.876890000e+01    -4.840930000e+00     2.955120000e+00     6.901520000e+00     0.000000000e+00     0.000000000e+00     0.000000000e+00     0.000000000e+00     0.000000000e+00     0.000000000e+00     0.000000000e+00     0.000000000e+00     0.000000000e+00     0.000000000e+00     0.000000000e+00     0.000000000e+00     0.000000000e+00     0.000000000e+00     0.000000000e+00     0.000000000e+00     0.000000000e+00     0.000000000e+00     0.000000000e+00     0.000000000e+00     0.000000000e+00     0.000000000e+00     0.000000000e+00     0.000000000e+00     0.000000000e+00     0.000000000e+00     0.000000000e+00     0.000000000e+00     0.000000000e+00     0.000000000e+00     0.000000000e+00     0.000000000e+00     0.000000000e+00     0.000000000e+00
     0.000000000e+00     0.000000000e+00     0.000000000e+00     2.764980000e+01     7.238860000e+00    -6.661970000e+00     3.077590000e+01    -1.112070000e+02     8.124390000e+02    -1.189660000e+02     3.090990000e+01    -3.933770000e+00     2.405990000e+00     7.160530000e+00     0.000000000e+00     0.000000000e+00     0.000000000e+00     0.000000000e+00     0.000000000e+00     0.000000000e+00     0.000000000e+00     0.000000000e+00     0.000000000e+00     0.000000000e+00     0.000000000e+00     0.000000000e+00     0.000000000e+00     0.000000000e+00     0.000000000e+00     0.000000000e+00     0.000000000e+00     0.000000000e+00     0.000000000e+00     0.000000000e+00     0.000000000e+00     0.000000000e+00     0.000000000e+00     0.000000000e+00     0.000000000e+00     0.000000000e+00     0.000000000e+00     0.000000000e+00     0.000000000e+00     0.000000000e+00     0.000000000e+00     0.000000000e+00     0.000000000e+00
     0.000000000e+00     0.000000000e+00     0.000000000e+00     0.000000000e+00     2.221330000e+01     5.353790000e+00    -5.156250000e+00     2.876890000e+01    -1.189660000e+02     8.446560000e+02    -1.242210000e+02     2.441040000e+01    -3.112600000e+00     2.426000000e+00     6.847390000e+00     0.000000000e+00     0.000000000e+00     0.000000000e+00     0.000000000e+00     0.000000000e+00     0.000000000e+00     0.000000000e+00     0.000000000e+00     0.000000000e+00     0.000000000e+00     0.000000000e+00     0.000000000e+00     0.000000000e+00     0.000000000e+00     0.000000000e+00     0.000000000e+00     0.000000000e+00     0.000000000e+00     0.000000000e+00     0.000000000e+00     0.000000000e+00     0.000000000e+00     0.000000000e+00     0.000000000e+00     0.000000000e+00     0.000000000e+00     0.000000000e+00     0.000000000e+00     0.000000000e+00     0.000000000e+00     0.000000000e+00     0.000000000e+00
     0.000000000e+00     0.000000000e+00     0.000000000e+00     0.000000000e+00     0.000000000e+00     1.650020000e+01     4.161750000e+00    -4.840930000e+00     3.090990000e+01    -1.242210000e+02     8.857980000e+02    -9.852730000e+01     1.939870000e+01    -3.152130000e+00     2.329990000e+00     7.199160000e+00     0.000000000e+00     0.000000000e+00     0.000000000e+00     0.000000000e+00     0.000000000e+00     0.000000000e+00     0.000000000e+00     0.000000000e+00     0.000000000e+00     0.000000000e+00     0.000000000e+00     0.000000000e+00     0.000000000e+00     0.000000000e+00     0.000000000e+00     0.000000000e+00     0.000000000e+00     0.000000000e+00     0.000000000e+00     0.000000000e+00     0.000000000e+00     0.000000000e+00     0.000000000e+00     0.000000000e+00     0.000000000e+00     0.000000000e+00     0.000000000e+00     0.000000000e+00     0.000000000e+00     0.000000000e+00     0.000000000e+00
     0.000000000e+00     0.000000000e+00     0.000000000e+00     0.000000000e+00     0.000000000e+00     0.000000000e+00     9.700800000e+00     2.955120000e+00    -3.933770000e+00     2.441040000e+01    -9.852730000e+01     5.313740000e+02    -5.921870000e+01     1.485790000e+01    -2.289660000e+00     1.852740000e+00     4.520630000e+00     0.000000000e+00     0.000000000e+00     0.000000000e+00     0.000000000e+00     0.000000000e+00     0.000000000e+00     0.000000000e+00     0.000000000e+00     0.000000000e+00     0.000000000e+00     0.000000000e+00     0.000000000e+00     0.000000000e+00     0.000000000e+00     0.000000000e+00     0.000000000e+00     0.000000000e+00     0.000000000e+00     0.000000000e+00     0.000000000e+00     0.000000000e+00     0.000000000e+00     0.000000000e+00     0.000000000e+00     0.000000000e+00     0.000000000e+00     0.000000000e+00     0.000000000e+00     0.000000000e+00     0.000000000e+00
     0.000000000e+00     0.000000000e+00     0.000000000e+00     0.000000000e+00     0.000000000e+00     0.000000000e+00     0.000000000e+00     6.901520000e+00     2.405990000e+00    -3.112600000e+00     1.939870000e+01    -5.921870000e+01     3.199920000e+02    -4.544450000e+01     1.081340000e+01    -1.824190000e+00     1.165650000e+00     2.877770000e+00     0.000000000e+00     0.000000000e+00     0.000000000e+00     0.000000000e+00     0.000000000e+00     0.000000000e+00     0.000000000e+00     0.000000000e+00     0.000000000e+00     0.000000000e+00     0.000000000e+00     0.000000000e+00     0.000000000e+00     0.000000000e+00     0.000000000e+00     0.000000000e+00     0.000000000e+00     0.000000000e+00     0.000000000e+00     0.000000000e+00     0.000000000e+00     0.000000000e+00     0.000000000e+00     0.000000000e+00     0.000000000e+00     0.000000000e+00     0.000000000e+00     0.000000000e+00     0.000000000e+00
     0.000000000e+00     0.000000000e+00     0.000000000e+00     0.000000000e+00     0.000000000e+00     0.000000000e+00     0.000000000e+00     0.000000000e+00     7.160530000e+00     2.426000000e+00    -3.152130000e+00     1.485790000e+01    -4.544450000e+01     3.129290000e+02    -4.214730000e+01     1.097850000e+01    -1.462540000e+00     9.456060000e-01     2.551070000e+00     0.000000000e+00     0.000000000e+00     0.000000000e+00     0.000000000e+00     0.000000000e+00     0.000000000e+00     0.000000000e+00     0.000000000e+00     0.000000000e+00     0.000000000e+00     0.000000000e+00     0.000000000e+00     0.000000000e+00     0.000000000e+00     0.000000000e+00     0.000000000e+00     0.000000000e+00     0.000000000e+00     0.000000000e+00     0.000000000e+00     0.000000000e+00     0.000000000e+00     0.000000000e+00     0.000000000e+00     0.000000000e+00     0.000000000e+00     0.000000000e+00     0.000000000e+00
     0.000000000e+00     0.000000000e+00     0.000000000e+00     0.000000000e+00     0.000000000e+00     0.000000000e+00     0.000000000e+00     0.000000000e+00     0.000000000e+00     6.847390000e+00     2.329990000e+00    -2.289660000e+00     1.081340000e+01    -4.214730000e+01     2.752430000e+02    -4.058220000e+01     8.347660000e+00    -1.125200000e+00     7.949860000e-01     1.850110000e+00     0.000000000e+00     0.000000000e+00     0.000000000e+00     0.000000000e+00     0.000000000e+00     0.000000000e+00     0.000000000e+00     0.000000000e+00     0.000000000e+00     0.000000000e+00     0.000000000e+00     0.000000000e+00     0.000000000e+00     0.000000000e+00     0.000000000e+00     0.000000000e+00     0.000000000e+00     0.000000000e+00     0.000000000e+00     0.000000000e+00     0.000000000e+00     0.000000000e+00     0.000000000e+00     0.000000000e+00     0.000000000e+00     0.000000000e+00     0.000000000e+00
     0.000000000e+00     0.000000000e+00     0.000000000e+00     0.000000000e+00     0.000000000e+00     0.000000000e+00     0.000000000e+00     0.000000000e+00     0.000000000e+00     0.000000000e+00     7.199160000e+00     1.852740000e+00    -1.824190000e+00     1.097850000e+01    -4.058220000e+01     2.901180000e+02    -3.377910000e+01     7.030430000e+00    -1.035560000e+00     6.311420000e-01     1.703190000e+00     0.000000000e+00     0.000000000e+00     0.000000000e+00     0.000000000e+00     0.000000000e+00     0.000000000e+00     0.000000000e+00     0.000000000e+00     0.000000000e+00     0.000000000e+00     0.000000000e+00     0.000000000e+00     0.000000000e+00     0.000000000e+00     0.000000000e+00     0.000000000e+00     0.000000000e+00     0.000000000e+00     0.000000000e+00     0.000000000e+00     0.000000000e+00     0.000000000e+00     0.000000000e+00     0.000000000e+00     0.000000000e+00     0.000000000e+00
     0.000000000e+00     0.000000000e+00     0.000000000e+00     0.000000000e+00     0.000000000e+00     0.000000000e+00     0.000000000e+00     0.000000000e+00     0.000000000e+00     0.000000000e+00     0.000000000e+00     4.520630000e+00     1.165650000e+00    -1.462540000e+00     8.347660000e+00    -3.377910000e+01     1.906970000e+02    -2.246570000e+01     5.109510000e+00    -6.492270000e-01     4.588270000e-01     1.352200000e+00     0.000000000e+00     0.000000000e+00     0.000000000e+00     0.000000000e+00     0.000000000e+00     0.000000000e+00     0.000000000e+00     0.000000000e+00     0.000000000e+00     0.000000000e+00     0.000000000e+00     0.000000000e+00     0.000000000e+00     0.000000000e+00     0.000000000e+00     0.000000000e+00     0.000000000e+00     0.000000000e+00     0.000000000e+00     0.000000000e+00     0.000000000e+00     0.000000000e+00     0.000000000e+00     0.000000000e+00     0.000000000e+00
     0.000000000e+00     0.000000000e+00     0.000000000e+00     0.000000000e+00     0.000000000e+00     0.000000000e+00     0.000000000e+00     0.000000000e+00     0.000000000e+00     0.000000000e+00     0.000000000e+00     0.000000000e+00     2.877770000e+00     9.456060000e-01    -1.125200000e+00     7.030430000e+00    -2.246570000e+01     1.283270000e+02    -1.652050000e+01     3.241200000e+00    -4.775540000e-01     3.685800000e-01     1.108520000e+00     0.000000000e+00     0.000000000e+00     0.000000000e+00     0.000000000e+00     0.000000000e+00     0.000000000e+00     0.000000000e+00     0.000000000e+00     0.000000000e+00     0.000000000e+00     0.000000000e+00     0.000000000e+00     0.000000000e+00     0.000000000e+00     0.000000000e+00     0.000000000e+00     0.000000000e+00     0.000000000e+00     0.000000000e+00     0.000000000e+00     0.000000000e+00     0.000000000e+00     0.000000000e+00     0.000000000e+00
     0.000000000e+00     0.000000000e+00     0.000000000e+00     0.000000000e+00     0.000000000e+00     0.000000000e+00     0.000000000e+00     0.000000000e+00     0.000000000e+00     0.000000000e+00     0.000000000e+00     0.000000000e+00     0.000000000e+00     2.551070000e+00     7.949860000e-01    -1.035560000e+00     5.109510000e+00    -1.652050000e+01     1.031210000e+02    -1.145180000e+01     2.605300000e+00    -4.192090000e-01     3.301850000e-01     8.884610000e-01     0.000000000e+00     0.000000000e+00     0.000000000e+00     0.000000000e+00     0.000000000e+00     0.000000000e+00     0.000000000e+00     0.000000000e+00     0.000000000e+00     0.000000000e+00     0.000000000e+00     0.000000000e+00     0.000000000e+00     0.000000000e+00     0.000000000e+00     0.000000000e+00     0.000000000e+00     0.000000000e+00     0.000000000e+00     0.000000000e+00     0.000000000e+00     0.000000000e+00     0.000000000e+00
     0.000000000e+00     0.000000000e+00     0.000000000e+00     0.000000000e+00     0.000000000e+00     0.000000000e+00     0.000000000e+00     0.000000000e+00     0.000000000e+00     0.000000000e+00     0.000000000e+00     0.000000000e+00     0.000000000e+00     0.000000000e+00     1.850110000e+00     6.311420000e-01    -6.492270000e-01     3.241200000e+00    -1.145180000e+01     6.166280000e+01    -7.940540000e+00     1.972830000e+00    -3.239530000e-01     2.282850000e-01     5.803160000e-01     0.000000000e+00     0.000000000e+00     0.000000000e+00     0.000000000e+00     0.000000000e+00     0.000000000e+00     0.000000000e+00     0.000000000e+00     0.000000000e+00     0.000000000e+00     0.000000000e+00     0.000000000e+00     0.000000000e+00     0.000000000e+00     0.000000000e+00     0.000000000e+00     0.000000000e+00     0.000000000e+00     0.000000000e+00     0.000000000e+00     0.000000000e+00     0.000000000e+00
     0.000000000e+00     0.000000000e+00     0.000000000e+00     0.000000000e+00     0.000000000e+00     0.000000000e+00     0.000000000e+00     0.000000000e+00     0.000000000e+00     0.000000000e+00     0.000000000e+00     0.000000000e+00     0.000000000e+00     0.000000000e+00     0.000000000e+00     1.703190000e+00     4.588270000e-01    -4.775540000e-01     2.605300000e+00    -7.940540000e+00     4.957910000e+01    -6.972400000e+00     1.767830000e+00    -2.597170000e-01     1.729030000e-01     4.461290000e-01     0.000000000e+00     0.000000000e+00     0.000000000e+00     0.000000000e+00     0.000000000e+00     0.000000000e+00     0.000000000e+00     0.000000000e+00     0.000000000e+00     0.000000000e+00     0.000000000e+00     0.000000000e+00     0.000000000e+00     0.000000000e+00     0.000000000e+00     0.000000000e+00     0.000000000e+00     0.000000000e+00     0.000000000e+00     0.000000000e+00     0.000000000e+00
     0.000000000e+00     0.000000000e+00     0.000000000e+00     0.000000000e+00     0.000000000e+00     0.000000000e+00     0.000000000e+00     0.000000000e+00     0.000000000e+00     0.000000000e+00     0.000000000e+00     0.000000000e+00     0.000000000e+00     0.000000000e+00     0.000000000e+00     0.000000000e+00     1.352200000e+00     3.685800000e-01    -4.192090000e-01     1.972830000e+00    -6.972400000e+00     4.754310000e+01    -6.823220000e+00     1.547810000e+00    -2.148240000e-01     1.451630000e-01     4.546440000e-01     0.000000000e+00     0.000000000e+00     0.000000000e+00     0.000000000e+00     0.000000000e+00     0.000000000e+00     0.000000000e+00     0.000000000e+00     0.000000000e+00     0.000000000e+00     0.000000000e+00     0.000000000e+00     0.000000000e+00     0.000000000e+00     0.000000000e+00     0.000000000e+00     0.000000000e+00     0.000000000e+00     0.000000000e+00     0.000000000e+00
     0.000000000e+00     0.000000000e+00     0.000000000e+00     0.000000000e+00     0.000000000e+00     0.000000000e+00     0.000000000e+00     0.000000000e+00     0.000000000e+00     0.000000000e+00     0.000000000e+00     0.000000000e+00     0.000000000e+00     0.000000000e+00     0.000000000e+00     0.000000000e+00     0.000000000e+00     1.108520000e+00     3.301850000e-01    -3.239530000e-01     1.767830000e+00    -6.823220000e+00     4.748020000e+01    -6.096550000e+00     1.306520000e+00    -1.840580000e-01     1.509680000e-01     4.750480000e-01     0.000000000e+00     0.000000000e+00     0.000000000e+00     0.000000000e+00     0.000000000e+00     0.000000000e+00     0.000000000e+00     0.000000000e+00     0.000000000e+00     0.000000000e+00     0.000000000e+00     0.000000000e+00     0.000000000e+00     0.000000000e+00     0.000000000e+00     0.000000000e+00     0.000000000e+00     0.000000000e+00     0.000000000e+00
     0.000000000e+00     0.000000000e+00     0.000000000e+00     0.000000000e+00     0.000000000e+00     0.000000000e+00     0.000000000e+00     0.000000000e+00     0.000000000e+00     0.000000000e+00     0.000000000e+00     0.000000000e+00     0.000000000e+00     0.000000000e+00     0.000000000e+00     0.000000000e+00     0.000000000e+00     0.000000000e+00     8.884610000e-01     2.282850000e-01    -2.597170000e-01     1.547810000e+00    -6.096550000e+00     3.795570000e+01    -4.604190000e+00     1.001520000e+00    -1.712590000e-01     1.411300000e-01     3.908450000e-01     0.000000000e+00     0.000000000e+00     0.000000000e+00     0.000000000e+00     0.000000000e+00     0.000000000e+00     0.000000000e+00     0.000000000e+00     0.000000000e+00     0.000000000e+00     0.000000000e+00     0.000000000e+00     0.000000000e+00     0.000000000e+00     0.000000000e+00     0.000000000e+00     0.000000000e+00     0.000000000e+00
     0.000000000e+00     0.000000000e+00     0.000000000e+00     0.000000000e+00     0.000000000e+00     0.000000000e+00     0.000000000e+00     0.000000000e+00     0.000000000e+00     0.000000000e+00     0.000000000e+00     0.000000000e+00     0.000000000e+00     0.000000000e+00     0.000000000e+00     0.000000000e+00     0.000000000e+00     0.000000000e+00     0.000000000e+00     5.803160000e-01     1.729030000e-01    -2.148240000e-01     1.306520000e+00    -4.604190000e+00     2.708020000e+01    -3.334260000e+00     8.803610000e-01    -1.512490000e-01     1.096960000e-01     2.834740000e-01     0.000000000e+00     0.000000000e+00     0.000000000e+00     0.000000000e+00     0.000000000e+00     0.000000000e+00     0.000000000e+00     0.000000000e+00     0.000000000e+00     0.000000000e+00     0.000000000e+00     0.000000000e+00     0.000000000e+00     0.000000000e+00     0.000000000e+00     0.000000000e+00     0.000000000e+00
     0.000000000e+00     0.000000000e+00     0.000000000e+00     0.000000000e+00     0.000000000e+00     0.000000000e+00     0.000000000e+00     0.000000000e+00     0.000000000e+00     0.000000000e+00     0.000000000e+00     0.000000000e+00     0.000000000e+00     0.000000000e+00     0.000000000e+00     0.000000000e+00     0.000000000e+00     0.000000000e+00     0.000000000e+00     0.000000000e+00     4.461290000e-01     1.451630000e-01    -1.840580000e-01     1.001520000e+00    -3.334260000e+00     1.990530000e+01    -2.974910000e+00     7.891760000e-01    -1.193270000e-01     8.075570000e-02     2.130180000e-01     0.000000000e+00     0.000000000e+00     0.000000000e+00     0.000000000e+00     0.000000000e+00     0.000000000e+00     0.000000000e+00     0.000000000e+00     0.000000000e+00     0.000000000e+00     0.000000000e+00     0.000000000e+00     0.000000000e+00     0.000000000e+00     0.000000000e+00     0.000000000e+00
     0.000000000e+00     0.000000000e+00     0.000000000e+00     0.000000000e+00     0.000000000e+00     0.000000000e+00     0.000000000e+00     0.000000000e+00     0.000000000e+00     0.000000000e+00     0.000000000e+00     0.000000000e+00     0.000000000e+00     0.000000000e+00     0.000000000e+00     0.000000000e+00     0.000000000e+00     0.000000000e+00     0.000000000e+00     0.000000000e+00     0.000000000e+00     4.546440000e-01     1.509680000e-01    -1.712590000e-01     8.803610000e-01    -2.974910000e+00     2.155760000e+01    -3.237010000e+00     7.557430000e-01    -1.066290000e-01     7.366010000e-02     1.836910000e-01     0.000000000e+00     0.000000000e+00     0.000000000e+00     0.000000000e+00     0.000000000e+00     0.000000000e+00     0.000000000e+00     0.000000000e+00     0.000000000e+00     0.000000000e+00     0.000000000e+00     0.000000000e+00     0.000000000e+00     0.000000000e+00     0.000000000e+00
     0.000000000e+00     0.000000000e+00     0.000000000e+00     0.000000000e+00     0.000000000e+00     0.000000000e+00     0.000000000e+00     0.000000000e+00     0.000000000e+00     0.000000000e+00     0.000000000e+00     0.000000000e+00     0.000000000e+00     0.000000000e+00     0.000000000e+00     0.000000000e+00     0.000000000e+00     0.000000000e+00     0.000000000e+00     0.000000000e+00     0.000000000e+00     0.000000000e+00     4.750480000e-01     1.411300000e-01    -1.512490000e-01     7.891760000e-01    -3.237010000e+00     2.356720000e+01    -3.114460000e+00     6.785000000e-01    -9.771740000e-02     6.381780000e-02     1.819030000e-01     0.000000000e+00     0.000000000e+00     0.000000000e+00     0.000000000e+00     0.000000000e+00     0.000000000e+00     0.000000000e+00     0.000000000e+00     0.000000000e+00     0.000000000e+00     0.000000000e+00     0.000000000e+00     0.000000000e+00     0.000000000e+00
     0.000000000e+00     0.000000000e+00     0.000000000e+00     0.000000000e+00     0.000000000e+00     0.000000000e+00     0.000000000e+00     0.000000000e+00     0.000000000e+00     0.000000000e+00     0.000000000e+00     0.000000000e+00     0.000000000e+00     0.000000000e+00     0.000000000e+00     0.000000000e+00     0.000000000e+00     0.000000000e+00     0.000000000e+00     0.000000000e+00     0.000000000e+00     0.000000000e+00     0.000000000e+00     3.908450000e-01     1.096960000e-01    -1.193270000e-01     7.557430000e-01    -3.114460000e+00     1.995620000e+01    -2.460870000e+00     5.472400000e-01    -7.450960000e-02     5.561930000e-02     1.552660000e-01     0.000000000e+00     0.000000000e+00     0.000000000e+00     0.000000000e+00     0.000000000e+00     0.000000000e+00     0.000000000e+00     0.000000000e+00     0.000000000e+00     0.000000000e+00     0.000000000e+00     0.000000000e+00     0.000000000e+00
     0.000000000e+00     0.000000000e+00     0.000000000e+00     0.000000000e+00     0.000000000e+00     0.000000000e+00     0.000000000e+00     0.000000000e+00     0.000000000e+00     0.000000000e+00     0.000000000e+00     0.000000000e+00     0.000000000e+00     0.000000000e+00     0.000000000e+00     0.000000000e+00     0.000000000e+00     0.000000000e+00     0.000000000e+00     0.000000000e+00     0.000000000e+00     0.000000000e+00     0.000000000e+00     0.000000000e+00     2.834740000e-01     8.075570000e-02    -1.066290000e-01     6.785000000e-01    -2.460870000e+00     1.471370000e+01    -1.852060000e+00     3.893630000e-01    -6.059450000e-02     4.429940000e-02     1.463730000e-01     0.000000000e+00     0.000000000e+00     0.000000000e+00     0.000000000e+00     0.000000000e+00     0.000000000e+00     0.000000000e+00     0.000000000e+00     0.000000000e+00     0.000000000e+00     0.000000000e+00     0.000000000e+00
     0.000000000e+00     0.000000000e+00     0.000000000e+00     0.000000000e+00     0.000000000e+00     0.000000000e+00     0.000000000e+00     0.000000000e+00     0.000000000e+00     0.000000000e+00     0.000000000e+00     0.000000000e+00     0.000000000e+00     0.000000000e+00     0.000000000e+00     0.000000000e+00     0.000000000e+00     0.000000000e+00     0.000000000e+00     0.000000000e+00     0.000000000e+00     0.000000000e+00     0.000000000e+00     0.000000000e+00     0.000000000e+00     2.130180000e-01     7.366010000e-02    -9.771740000e-02     5.472400000e-01    -1.852060000e+00     1.130340000e+01    -1.345100000e+00     3.232200000e-01    -4.926370000e-02     4.262910000e-02     1.063010000e-01     0.000000000e+00     0.000000000e+00     0.000000000e+00     0.000000000e+00     0.000000000e+00     0.000000000e+00     0.000000000e+00     0.000000000e+00     0.000000000e+00     0.000000000e+00     0.000000000e+00
     0.000000000e+00     0.000000000e+00     0.000000000e+00     0.000000000e+00     0.000000000e+00     0.000000000e+00     0.000000000e+00     0.000000000e+00     0.000000000e+00     0.000000000e+00     0.000000000e+00     0.000000000e+00     0.000000000e+00     0.000000000e+00     0.000000000e+00     0.000000000e+00     0.000000000e+00     0.000000000e+00     0.000000000e+00     0.000000000e+00     0.000000000e+00     0.000000000e+00     0.000000000e+00     0.000000000e+00     0.000000000e+00     0.000000000e+00     1.836910000e-01     6.381780000e-02    -7.450960000e-02     3.893630000e-01    -1.345100000e+00     7.761030000e+00    -1.055620000e+00     2.484300000e-01    -4.481750000e-02     2.926800000e-02     8.760950000e-02     0.000000000e+00     0.000000000e+00     0.000000000e+00     0.000000000e+00     0.000000000e+00     0.000000000e+00     0.000000000e+00     0.000000000e+00     0.000000000e+00     0.000000000e+00
     0.000000000e+00     0.000000000e+00     0.000000000e+00     0.000000000e+00     0.000000000e+00     0.000000000e+00     0.000000000e+00     0.000000000e+00     0.000000000e+00     0.000000000e+00     0.000000000e+00     0.000000000e+00     0.000000000e+00     0.000000000e+00     0.000000000e+00     0.000000000e+00     0.000000000e+00     0.000000000e+00     0.000000000e+00     0.000000000e+00     0.000000000e+00     0.000000000e+00     0.000000000e+00     0.000000000e+00     0.000000000e+00     0.000000000e+00     0.000000000e+00     1.819030000e-01     5.561930000e-02    -6.059450000e-02     3.232200000e-01    -1.055620000e+00     6.961740000e+00    -9.273800000e-01     2.583260000e-01    -3.517050000e-02     2.757090000e-02     8.507790000e-02     0.000000000e+00     0.000000000e+00     0.000000000e+00     0.000000000e+00     0.000000000e+00     0.000000000e+00     0.000000000e+00     0.000000000e+00     0.000000000e+00
     0.000000000e+00     0.000000000e+00     0.000000000e+00     0.000000000e+00     0.000000000e+00     0.000000000e+00     0.000000000e+00     0.000000000e+00     0.000000000e+00     0.000000000e+00     0.000000000e+00     0.000000000e+00     0.000000000e+00     0.000000000e+00     0.000000000e+00     0.000000000e+00     0.000000000e+00     0.000000000e+00     0.000000000e+00     0.000000000e+00     0.000000000e+00     0.000000000e+00     0.000000000e+00     0.000000000e+00     0.000000000e+00     0.000000000e+00     0.000000000e+00     0.000000000e+00     1.552660000e-01     4.429940000e-02    -4.926370000e-02     2.484300000e-01    -9.273800000e-01     5.989890000e+00    -9.444370000e-01     1.985410000e-01    -3.244800000e-02     2.622220000e-02     6.912390000e-02     0.000000000e+00     0.000000000e+00     0.000000000e+00     0.000000000e+00     0.000000000e+00     0.000000000e+00     0.000000000e+00     0.000000000e+00
     0.000000000e+00     0.000000000e+00     0.000000000e+00     0.000000000e+00     0.000000000e+00     0.000000000e+00     0.000000000e+00     0.000000000e+00     0.000000000e+00     0.000000000e+00     0.000000000e+00     0.000000000e+00     0.000000000e+00     0.000000000e+00     0.000000000e+00     0.000000000e+00     0.000000000e+00     0.000000000e+00     0.000000000e+00     0.000000000e+00     0.000000000e+00     0.000000000e+00     0.000000000e+00     0.000000000e+00     0.000000000e+00     0.000000000e+00     0.000000000e+00     0.000000000e+00     0.000000000e+00     1.463730000e-01     4.262910000e-02    -4.481750000e-02     2.583260000e-01    -9.444370000e-01     7.220180000e+00    -8.591510000e-01     2.168070000e-01    -3.652740000e-02     2.521700000e-02     6.852080000e-02     0.000000000e+00     0.000000000e+00     0.000000000e+00     0.000000000e+00     0.000000000e+00     0.000000000e+00     0.000000000e+00
     0.000000000e+00     0.000000000e+00     0.000000000e+00     0.000000000e+00     0.000000000e+00     0.000000000e+00     0.000000000e+00     0.000000000e+00     0.000000000e+00     0.000000000e+00     0.000000000e+00     0.000000000e+00     0.000000000e+00     0.000000000e+00     0.000000000e+00     0.000000000e+00     0.000000000e+00     0.000000000e+00     0.000000000e+00     0.000000000e+00     0.000000000e+00     0.000000000e+00     0.000000000e+00     0.000000000e+00     0.000000000e+00     0.000000000e+00     0.000000000e+00     0.000000000e+00     0.000000000e+00     0.000000000e+00     1.063010000e-01     2.926800000e-02    -3.517050000e-02     1.985410000e-01    -8.591510000e-01     4.956920000e+00    -7.080430000e-01     1.841920000e-01    -2.651010000e-02     1.886490000e-02     5.884350000e-02     0.000000000e+00     0.000000000e+00     0.000000000e+00     0.000000000e+00     0.000000000e+00     0.000000000e+00
     0.000000000e+00     0.000000000e+00     0.000000000e+00     0.000000000e+00     0.000000000e+00     0.000000000e+00     0.000000000e+00     0.000000000e+00     0.000000000e+00     0.000000000e+00     0.000000000e+00     0.000000000e+00     0.000000000e+00     0.000000000e+00     0.000000000e+00     0.000000000e+00     0.000000000e+00     0.000000000e+00     0.000000000e+00     0.000000000e+00     0.000000000e+00     0.000000000e+00     0.000000000e+00     0.000000000e+00     0.000000000e+00     0.000000000e+00     0.000000000e+00     0.000000000e+00     0.000000000e+00     0.000000000e+00     0.000000000e+00     8.760950000e-02     2.757090000e-02    -3.244800000e-02     2.168070000e-01    -7.080430000e-01     4.903760000e+00    -7.220790000e-01     1.604690000e-01    -2.380670000e-02     1.944730000e-02     5.727300000e-02     0.000000000e+00     0.000000000e+00     0.000000000e+00     0.000000000e+00     0.000000000e+00
     0.000000000e+00     0.000000000e+00     0.000000000e+00     0.000000000e+00     0.000000000e+00     0.000000000e+00     0.000000000e+00     0.000000000e+00     0.000000000e+00     0.000000000e+00     0.000000000e+00     0.000000000e+00     0.000000000e+00     0.000000000e+00     0.000000000e+00     0.000000000e+00     0.000000000e+00     0.000000000e+00     0.000000000e+00     0.000000000e+00     0.000000000e+00     0.000000000e+00     0.000000000e+00     0.000000000e+00     0.000000000e+00     0.000000000e+00     0.000000000e+00     0.000000000e+00     0.000000000e+00     0.000000000e+00     0.000000000e+00     0.000000000e+00     8.507790000e-02     2.622220000e-02    -3.652740000e-02     1.841920000e-01    -7.220790000e-01     5.155400000e+00    -6.485030000e-01     1.485550000e-01    -2.529940000e-02     1.951270000e-02     5.839110000e-02     0.000000000e+00     0.000000000e+00     0.000000000e+00     0.000000000e+00
